PCAComponentsRaw_RC/PlantBias.asc
NCOLS 1405 
NROWS 621 
XLLCORNER -125.020833333 
YLLCORNER 24.0625 
CELLSIZE 0.0416666666669039 
NODATA_value -9999 
[rows 342 to 398 of 621, columns 96 to 191 of 1405]
42 23 5 1 33 16 22 4 11 4 3 13 2 6 2 22 5 1 6 96 9 5 1 8 0 0 0 0 0 0 1 3 0 0 1 0 0 0 0 0 1 0 0 3 2 0 1 0 1 4 8 5 1 2 6 12 18 18 6 12 17 23 11 5 17 50 8 2 0 1 0 152 74 0 12 14 16 8 5 2 4 2 2 0 6 13 15 2 0 0 0 0 0 3 2 0
11 25 13 64 0 4 21 75 46 15 4 6 0 0 0 9 1 7 8 23 36 5 2 0 1 8 1 5 0 0 3 6 18 1 14 1 0 1 2 0 0 3 0 1 0 0 3 0 8 5 0 5 7 10 3 3 3 22 2 1 25 29 12 9 7 0 11 2 1 2 15 6 21 27 10 5 1 7 1 4 3 4 16 9 5 0 0 21 0 0 0 0 0 0 0 0
21 71 39 0 6 6 7 7 13 7 9 6 0 14 1 2 10 5 7 1 22 4 0 0 1 1 0 0 1 0 0 0 0 0 4 1 3 3 0 3 19 1 2 7 0 1 6 0 0 1 0 10 6 1 6 0 13 0 13 49 79 20 22 4 1 4 12 4 1 9 9 2 2 12 27 0 1 0 3 1 9 3 0 9 0 0 0 0 0 0 0 0 0 0 0 0
7 5 23 18 40 21 44 24 8 4 4 13 2 8 7 4 14 1 4 1 0 0 13 16 1 0 5 6 0 1 0 2 1 0 0 1 2 1 0 0 0 8 0 2 0 0 9 0 1 7 5 0 8 6 14 24 27 40 24 2 18 31 6 2 6 0 5 21 0 6 0 5 3 4 39 2 0 0 2 15 8 0 3 0 0 0 1 2 0 0 0 0 0 0 0 0
5 11 1 4 19 6 4 31 79 41 5 36 5 22 3 3 43 2 1 3 0 0 22 4 10 4 1 1 1 3 8 2 0 1 4 2 0 3 0 0 2 8 8 0 6 0 1 1 4 2 4 5 9 7 15 26 29 0 13 23 16 5 9 19 12 1 13 27 2 1 4 2 1 20 7 0 0 1 1 4 8 9 2 0 0 0 0 1 0 1 0 0 0 0 0 0
57 70 47 40 20 14 26 201 55 47 11 41 43 11 15 43 298 33 1 2 7 0 4 0 5 9 11 0 15 0 1 2 0 0 1 0 0 0 3 1 1 0 0 5 0 6 8 3 1 1 32 6 8 55 46 44 19 22 53 19 2 2 4 35 23 20 14 12 4 1 1 3 0 33 3 3 0 0 0 3 11 1 4 0 0 0 0 0 0 0 0 0 0 0 0 1
1 4 1 62 10 18 216 11 6 65 96 134 20 4 1 5 6 77 11 21 3 1 6 1 1 0 5 8 9 1 0 0 5 4 8 8 2 5 9 3 0 0 3 0 3 6 7 14 58 25 11 40 24 30 24 0 0 0 7 15 6 3 12 3 13 16 50 9 0 0 0 0 45 4 29 15 18 1 5 12 13 1 20 0 0 0 0 1 0 0 32 15 0 0 0 0
-9999 -9999 -9999 209 147 93 34 200 311 109 74 29 11 42 30 12 50 96 16 27 10 49 20 6 3 3 0 8 12 2 4 2 1 6 5 3 0 1 0 1 2 1 5 1 6 24 7 53 150 3 5 1 7 2 1 0 0 0 3 14 0 1 30 1 1 9 3 5 6 52 3 8 363 108 32 11 25 1 1 6 63 15 38 0 0 0 0 0 1 0 0 0 0 0 0 0
-9999 -9999 -9999 212 723 142 174 240 641 467 41 15 53 31 38 17 13 28 37 12 0 6 0 7 31 4 1 9 34 29 18 7 4 19 1 0 0 9 0 83 1 2 0 2 15 16 9 6 1 2 2 21 7 15 19 11 0 5 22 42 3 3 0 6 4 2 0 13 1 5 12 6 24 78 3 11 1 2 1 5 7 27 2 0 2 0 0 0 1 2 0 0 3 0 0 0
-9999 -9999 11 820 465 78 28 367 1352 467 54 52 41 169 13 20 14 7 107 28 0 0 2 1 10 28 13 8 7 3 2 22 5 44 0 4 4 1 2 4 2 3 10 0 3 3 8 2 17 1 2 0 8 4 9 15 11 53 25 1 5 15 6 0 0 3 2 4 6 37 33 28 46 10 9 4 1 2 4 0 0 5 0 4 2 0 0 0 0 0 1 0 2 1 2 0
-9999 -9999 28 508 247 51 130 553 364 60 12 8 52 14 51 7 5 29 24 2 1 4 0 1 3 14 94 14 15 18 11 5 0 1 2 15 5 0 0 9 8 2 1 0 9 6 3 2 18 9 1 0 4 1 1 8 15 33 15 2 0 3 3 1 1 1 1 0 2 0 3 15 5 2 1 32 3 0 0 0 0 0 0 0 0 0 0 0 0 1 11 0 0 0 1 1
-9999 -9999 -9999 16 29 28 47 144 184 24 11 2 11 58 24 5 5 5 6 17 0 0 2 0 1 6 31 110 33 4 32 58 4 3 5 6 0 1 1 1 0 2 4 4 2 5 0 0 11 14 1 3 57 3 11 19 2 13 35 58 8 3 13 11 4 3 11 3 0 0 30 5 1 2 3 10 4 0 10 0 0 0 0 0 0 3 0 0 0 0 1 1 0 0 0 0
-9999 -9999 -9999 -9999 0 20 63 175 92 165 53 35 12 33 8 1 0 1 8 20 2 3 11 14 1 3 9 28 25 20 5 13 69 4 2 3 1 4 12 5 0 0 3 5 1 0 0 0 29 7 8 0 5 1 2 0 18 18 4 1 21 2 2 1 1 0 0 0 0 1 14 0 2 0 6 0 6 0 0 0 0 0 18 0 0 0 0 2 0 0 2 3 1 0 0 1
-9999 -9999 -9999 -9999 -9999 -9999 15 8 16 225 83 8 10 4 12 5 1 1 0 19 2 22 120 19 0 2 2 35 76 10 60 10 16 9 5 0 1 11 2 1 8 1 1 1 4 0 0 4 5 0 1 1 17 14 10 0 2 6 5 18 20 68 12 14 9 1 34 33 8 18 1 0 8 11 8 1 2 1 1 0 0 0 4 0 0 0 0 0 0 0 20 1 1 1 1 1
-9999 -9999 -9999 -9999 -9999 -9999 -9999 -9999 -9999 140 154 5 16 19 8 1 0 10 0 2 28 46 19 7 18 5 0 31 21 6 40 28 45 13 6 16 0 1 7 1 0 0 0 0 1 3 5 0 1 8 1 1 3 6 14 7 5 8 8 3 58 18 0 1 14 76 1 5 16 1 2 0 1 2 9 0 1 0 4 0 0 0 5 0 1 1 0 1 0 0 2 7 13 0 0 0
-9999 -9999 -9999 -9999 -9999 -9999 -9999 -9999 17 532 232 80 43 23 5 5 2 28 4 61 10 0 2 47 1 6 3 21 11 30 28 9 12 20 6 16 12 1 20 2 2 7 0 0 6 0 1 0 7 8 1 1 0 5 15 4 10 3 2 2 49 5 2 26 9 8 4 6 86 5 6 16 0 1 3 1 3 0 0 0 9 6 2 15 2 0 0 7 6 3 4 0 4 4 8 37
-9999 -9999 -9999 -9999 -9999 -9999 -9999 -9999 3 46 27 2 32 14 10 5 17 1 8 27 1 0 36 10 20 2 4 39 49 52 14 0 2 4 6 17 19 11 19 1 2 0 0 1 31 0 3 2 3 15 0 0 0 0 3 17 0 3 11 7 7 4 9 0 13 8 0 6 35 4 1 1 9 2 7 12 8 8 6 15 23 10 61 64 10 6 1 3 3 8 9 2 4 0 3 19
-9999 -9999 -9999 -9999 -9999 -9999 -9999 -9999 30 100 46 1 2 7 37 4 1 1 3 79 23 9 7 0 3 9 61 13 20 1 19 41 9 0 2 2 13 47 27 11 2 3 0 3 36 6 7 0 5 2 27 2 3 2 0 1 18 5 20 8 14 7 0 3 2 16 1 11 26 0 0 1 0 0 0 2 2 0 0 3 0 0 1 4 0 7 7 8 9 0 0 1 6 0 4 13
-9999 -9999 -9999 -9999 -9999 -9999 -9999 -9999 151 262 5 1 7 24 9 3 2 0 0 36 11 18 0 1 0 5 49 5 1 10 25 5 3 28 12 9 24 1 29 30 0 3 3 4 29 3 8 7 5 0 28 11 3 5 11 6 25 23 52 28 6 3 0 4 5 1 0 1 27 7 0 2 0 6 8 42 2 0 0 3 5 0 0 7 11 0 0 2 7 2 7 27 0 6 7 135
-9999 -9999 -9999 -9999 -9999 -9999 -9999 -9999 1 89 4 1 59 7 34 4 7 3 23 0 2 4 0 0 0 1 1 1 6 5 9 3 0 3 0 2 101 72 89 28 110 34 21 46 17 11 3 6 13 0 133 93 12 14 19 18 40 37 5 2 2 0 5 1 1 16 7 8 20 10 8 0 12 0 6 2 1 0 0 0 0 0 0 0 11 1 0 0 0 0 1 3 0 10 11 21
-9999 -9999 -9999 -9999 -9999 -9999 -9999 -9999 -9999 13 32 44 19 26 81 17 60 30 8 1 2 0 0 0 8 1 1 1 0 2 149 57 6 1 4 20 21 47 17 9 34 12 6 75 125 412 193 61 64 86 33 93 63 54 13 14 6 7 3 1 2 0 2 0 1 3 6 1 18 4 4 2 4 14 26 10 1 0 1 3 0 0 0 0 0 0 0 0 0 0 1 6 3 0 9 15
-9999 -9999 -9999 -9999 -9999 -9999 -9999 -9999 -9999 46 139 68 60 152 25 5 70 0 1 3 22 2 7 90 50 46 26 12 5 1 0 2 7 56 42 2 0 18 14 7 12 34 35 6 140 347 84 44 109 59 8 96 63 45 31 1 15 7 19 5 10 10 6 14 7 5 3 7 4 19 2 0 1 2 12 0 3 5 3 0 6 0 0 0 2 0 0 0 0 6 2 3 0 1 0 19
-9999 -9999 -9999 -9999 -9999 -9999 -9999 -9999 -9999 62 82 61 103 80 116 0 2 21 25 1 0 3 84 569 509 119 88 11 21 25 12 2 1 8 10 0 3 3 135 110 0 2 24 7 4 21 139 107 10 3 5 46 3 24 21 69 35 18 17 7 67 5 33 58 12 10 19 3 8 1 7 0 0 2 3 3 0 4 10 2 1 0 0 0 0 3 0 0 7 2 0 0 16 0 6 7
-9999 -9999 -9999 -9999 -9999 -9999 -9999 -9999 -9999 3 192 34 178 236 129 0 10 23 1 7 11 22 33 113 9 88 140 9 158 18 44 10 236 68 37 0 0 3 17 70 157 111 48 65 77 341 29 10 4 36 52 28 23 67 1 54 40 19 48 43 29 12 17 20 3 10 3 4 170 25 3 0 5 6 0 5 16 7 1 1 14 0 0 0 1 2 0 0 10 0 0 3 0 1 9 4
-9999 -9999 -9999 -9999 -9999 -9999 -9999 -9999 -9999 34 210 68 20 64 231 0 54 10 8 21 12 17 11 12 8 65 77 5 2 3 8 5 54 2 50 17 7 1 1 324 68 80 11 1 6 74 12 5 3 73 5 1 20 21 14 5 3 6 23 10 7 37 39 46 9 4 9 55 18 14 3 2 0 0 0 5 13 16 3 1 0 1 1 2 0 2 0 0 4 0 0 6 2 0 2 1
-9999 -9999 -9999 -9999 -9999 -9999 -9999 -9999 -9999 48 12 23 14 83 13 2 2 40 33 48 14 11 30 8 17 12 3 2 3 1 37 20 9 1 30 5 0 15 20 227 189 252 36 5 24 64 16 6 11 53 38 45 4 2 60 9 16 16 31 27 17 8 34 31 9 6 26 10 14 11 1 1 3 1 13 27 21 2 1 17 2 0 0 0 0 0 9 4 2 2 3 4 7 1 0 1
-9999 -9999 -9999 -9999 -9999 -9999 -9999 -9999 2 149 29 94 46 36 8 17 5 39 1 11 30 46 33 51 78 149 93 7 7 9 159 46 15 27 6 3 3 32 2 84 150 56 291 5 56 5 2 15 12 8 20 15 11 11 1 51 27 0 1 18 10 9 7 18 32 4 4 13 38 122 11 16 1 6 7 20 36 1 1 8 3 3 0 1 3 2 6 3 10 0 1 0 0 6 5 3
-9999 -9999 -9999 -9999 -9999 -9999 -9999 -9999 -9999 7 10 11 18 5 59 31 31 19 5 10 68 28 84 299 63 118 40 79 130 287 100 95 55 124 45 8 3 12 51 26 27 73 423 123 345 18 13 2 3 3 64 19 4 77 14 26 11 15 16 70 86 12 22 5 13 15 7 13 20 47 30 38 27 12 34 5 19 1 3 53 2 1 3 1 0 0 8 4 9 289 26 9 2 2 2 0
-9999 -9999 -9999 -9999 -9999 -9999 -9999 -9999 -9999 -9999 -9999 1 100 31 28 103 95 46 83 195 4 65 231 90 12 11 16 95 585 425 130 302 114 90 189 48 81 29 99 257 138 378 103 84 44 75 25 5 4 13 30 11 3 12 44 4 7 122 57 39 28 29 12 31 133 28 14 14 6 34 61 85 148 25 55 23 29 3 74 46 43 7 14 12 15 14 12 2 10 16 48 12 12 12 0 10
-9999 -9999 -9999 -9999 -9999 -9999 -9999 -9999 -9999 -9999 -9999 -9999 2 133 6 5 116 120 41 79 4 90 94 171 29 32 77 85 240 225 364 2681 711 570 283 37 42 22 11 31 63 616 654 120 216 195 58 68 16 20 94 28 45 12 60 2 24 62 18 107 52 45 31 89 41 32 17 94 45 23 122 85 128 45 33 56 171 40 10 39 45 4 5 1 2 1 19 9 13 5 26 1 3 49 14 26
-9999 -9999 -9999 -9999 -9999 -9999 -9999 -9999 -9999 -9999 -9999 -9999 -9999 1 2 1 1 -9999 -9999 -9999 -9999 -9999 1 2 8 12 122 1682 1575 402 605 1253 294 192 122 675 364 46 25 63 91 513 171 31 27 35 88 1 7 10 50 5 14 43 49 28 19 138 97 85 37 38 25 12 35 37 24 33 20 79 85 56 50 32 36 241 204 64 94 73 27 46 65 6 2 3 25 23 8 61 14 5 2 12 4 15
-9999 -9999 -9999 -9999 -9999 -9999 -9999 -9999 -9999 -9999 -9999 -9999 -9999 -9999 -9999 -9999 -9999 -9999 -9999 -9999 -9999 -9999 -9999 -9999 -9999 -9999 -9999 0 0 0 0 6 0 0 1 84 562 155 57 65 135 271 8 2 3 8 44 43 342 59 47 212 12 14 11 41 25 47 106 97 215 413 100 36 7 8 16 33 38 54 194 150 213 12 101 46 79 243 208 361 194 175 101 14 7 17 17 17 4 23 22 2 25 9 4 12
-9999 -9999 -9999 -9999 -9999 -9999 -9999 -9999 -9999 -9999 -9999 -9999 -9999 -9999 -9999 -9999 -9999 -9999 -9999 -9999 -9999 -9999 -9999 -9999 -9999 -9999 -9999 -9999 -9999 -9999 -9999 -9999 -9999 -9999 -9999 -9999 0 1 27 94 48 290 48 58 17 11 41 31 14 22 38 80 16 10 17 23 17 30 79 80 86 70 103 62 90 39 57 7 15 163 76 62 476 136 312 27 314 137 16 59 179 170 126 17 108 104 268 14 19 14 88 46 16 2 5 11
-9999 -9999 -9999 -9999 -9999 -9999 -9999 -9999 -9999 -9999 -9999 -9999 -9999 -9999 -9999 -9999 -9999 -9999 -9999 -9999 -9999 -9999 -9999 -9999 -9999 -9999 -9999 -9999 -9999 -9999 -9999 -9999 -9999 -9999 -9999 -9999 -9999 -9999 0 8 122 635 112 446 27 12 40 2 10 5 21 65 50 41 31 63 79 378 100 134 116 43 101 159 124 101 168 92 160 237 90 138 238 24 7 17 138 11 39 31 221 414 118 49 187 233 8 9 84 29 21 115 58 58 32 35
-9999 -9999 -9999 -9999 -9999 -9999 -9999 -9999 -9999 -9999 -9999 -9999 -9999 -9999 -9999 -9999 -9999 -9999 -9999 -9999 -9999 -9999 -9999 -9999 -9999 -9999 -9999 -9999 -9999 -9999 -9999 -9999 -9999 -9999 -9999 -9999 -9999 -9999 -9999 -9999 2 69 413 109 60 10 11 18 61 38 29 74 59 60 74 54 254 339 39 97 55 19 32 238 226 296 291 146 716 511 299 29 13 38 36 151 103 61 105 35 290 428 119 20 272 114 29 5 52 139 107 303 291 37 125 36
-9999 -9999 -9999 -9999 -9999 -9999 -9999 -9999 -9999 -9999 -9999 -9999 -9999 -9999 -9999 -9999 -9999 -9999 -9999 -9999 -9999 -9999 -9999 -9999 -9999 -9999 -9999 -9999 -9999 -9999 -9999 -9999 -9999 -9999 -9999 -9999 -9999 -9999 -9999 -9999 -9999 4 135 11 30 19 21 31 63 144 485 102 126 227 131 93 209 53 40 66 45 37 36 36 53 464 275 520 2231 1281 546 471 152 21 41 84 27 147 134 219 356 53 82 128 202 222 128 33 143 161 49 1 56 155 139 114
-9999 -9999 -9999 -9999 -9999 -9999 -9999 -9999 -9999 -9999 -9999 -9999 -9999 -9999 -9999 -9999 -9999 -9999 -9999 -9999 -9999 -9999 -9999 -9999 -9999 -9999 -9999 -9999 -9999 -9999 -9999 -9999 -9999 -9999 -9999 -9999 -9999 -9999 -9999 -9999 -9999 -9999 18 101 30 4 14 539 76 408 62 92 85 83 338 91 50 66 124 29 169 393 107 99 94 557 153 263 903 378 2816 383 390 77 295 329 461 277 291 354 483 103 67 238 41 25 55 44 123 50 126 22 117 45 2 12
-9999 -9999 -9999 -9999 -9999 -9999 -9999 -9999 -9999 -9999 -9999 -9999 -9999 -9999 -9999 -9999 -9999 -9999 -9999 -9999 -9999 -9999 -9999 -9999 -9999 -9999 2 4 -9999 -9999 -9999 -9999 -9999 -9999 -9999 -9999 -9999 -9999 -9999 -9999 -9999 -9999 -9999 41 245 45 108 47 45 317 410 127 428 137 532 163 135 279 346 280 335 189 807 237 436 1417 427 450 1941 165 50 190 101 211 89 79 167 205 206 701 35 165 36 35 41 15 15 20 35 348 29 66 57 23 60 19
-9999 -9999 -9999 -9999 -9999 -9999 -9999 -9999 -9999 -9999 -9999 -9999 -9999 -9999 0 39 2 -9999 -9999 -9999 -9999 -9999 -9999 2 -9999 5 56 53 12 5 12 16 -9999 -9999 9 2 -9999 -9999 -9999 -9999 -9999 -9999 -9999 -9999 4 48 163 461 328 97 173 152 397 143 435 948 508 268 962 306 332 509 88 89 102 119 361 587 134 130 73 64 245 27 25 15 87 183 72 255 72 39 60 17 4 2 17 47 89 72 43 18 145 120 32 121
-9999 -9999 -9999 -9999 -9999 -9999 -9999 -9999 -9999 -9999 -9999 -9999 -9999 21 134 503 530 47 0 1 0 3 9 82 6 -9999 187 339 223 283 191 530 13 19 378 401 2 -9999 4 0 -9999 -9999 -9999 -9999 -9999 -9999 -9999 4 17 126 350 198 153 199 400 221 305 79 244 458 238 137 83 78 60 91 172 64 56 77 149 360 35 14 33 35 168 54 29 27 12 11 5 16 28 48 16 27 33 80 137 92 224 16 71 94
-9999 -9999 -9999 -9999 -9999 -9999 -9999 -9999 -9999 -9999 -9999 -9999 -9999 -9999 0 15 1 2 39 63 51 60 440 915 34 2 5 240 306 536 1059 1096 968 205 96 59 1 -9999 627 815 -9999 -9999 -9999 -9999 -9999 -9999 -9999 -9999 -9999 6 3 2 79 323 6 8 4 8 3 7 74 145 124 504 36 117 33 20 23 21 49 187 211 28 45 44 96 247 45 22 25 12 6 6 10 61 41 238 82 145 46 19 93 112 30 32
-9999 -9999 -9999 -9999 -9999 -9999 -9999 -9999 -9999 -9999 -9999 -9999 -9999 -9999 -9999 -9999 -9999 -9999 0 25 7 53 269 36 161 91 2 21 25 142 119 299 3 4 1 0 -9999 -9999 -9999 -9999 -9999 -9999 -9999 -9999 -9999 -9999 -9999 -9999 -9999 -9999 -9999 -9999 -9999 -9999 -9999 -9999 -9999 -9999 -9999 -9999 2 322 487 53 39 26 19 22 36 37 20 27 100 69 52 35 136 44 36 86 122 49 27 91 44 46 108 75 371 169 126 8 0 24 58 28
-9999 -9999 -9999 -9999 -9999 -9999 -9999 -9999 -9999 -9999 -9999 -9999 -9999 -9999 -9999 -9999 -9999 -9999 -9999 0 40 89 50 31 3 0 -9999 -9999 -9999 -9999 -9999 -9999 -9999 -9999 -9999 -9999 -9999 -9999 -9999 -9999 -9999 -9999 -9999 -9999 -9999 -9999 -9999 -9999 -9999 -9999 -9999 -9999 -9999 -9999 -9999 -9999 -9999 -9999 -9999 -9999 -9999 3 134 27 28 32 41 16 31 10 17 10 30 194 60 122 216 133 56 108 64 25 77 16 19 13 24 30 53 54 23 21 37 32 6 16
-9999 -9999 -9999 -9999 -9999 -9999 -9999 -9999 -9999 -9999 -9999 -9999 -9999 -9999 -9999 -9999 -9999 -9999 -9999 -9999 3 3 11 7 -9999 -9999 -9999 -9999 -9999 -9999 -9999 -9999 -9999 -9999 -9999 -9999 -9999 -9999 -9999 -9999 -9999 -9999 -9999 -9999 -9999 -9999 -9999 -9999 -9999 -9999 -9999 -9999 -9999 -9999 -9999 -9999 -9999 -9999 -9999 -9999 -9999 -9999 50 119 44 57 30 52 20 22 15 6 21 55 116 191 86 76 229 564 196 154 61 19 9 15 58 30 16 13 46 21 24 68 24 11
-9999 -9999 -9999 -9999 -9999 -9999 -9999 -9999 -9999 -9999 -9999 -9999 -9999 -9999 -9999 -9999 -9999 -9999 -9999 -9999 -9999 -9999 -9999 -9999 -9999 -9999 -9999 -9999 -9999 -9999 -9999 -9999 -9999 -9999 -9999 -9999 -9999 -9999 -9999 -9999 -9999 -9999 -9999 -9999 -9999 -9999 -9999 -9999 -9999 -9999 -9999 -9999 -9999 -9999 -9999 -9999 -9999 -9999 -9999 -9999 -9999 -9999 9 102 406 29 12 94 27 58 118 36 17 15 35 72 98 288 723 187 185 341 249 13 49 17 24 23 12 7 20 5 35 48 1 10
-9999 -9999 -9999 -9999 -9999 -9999 -9999 -9999 -9999 -9999 -9999 -9999 -9999 -9999 -9999 -9999 -9999 -9999 -9999 -9999 -9999 -9999 -9999 -9999 -9999 -9999 -9999 -9999 -9999 -9999 -9999 -9999 -9999 -9999 -9999 -9999 -9999 -9999 -9999 -9999 -9999 -9999 -9999 -9999 -9999 -9999 -9999 -9999 -9999 -9999 -9999 -9999 -9999 -9999 -9999 -9999 -9999 -9999 -9999 -9999 -9999 -9999 65 207 174 119 18 96 240 641 252 18 40 26 41 52 125 323 597 130 375 236 180 42 57 77 20 331 213 10 37 37 7 5 1 11
-9999 -9999 -9999 -9999 -9999 -9999 -9999 -9999 -9999 -9999 -9999 -9999 -9999 -9999 -9999 -9999 -9999 -9999 -9999 -9999 -9999 -9999 -9999 -9999 -9999 -9999 -9999 -9999 -9999 -9999 -9999 -9999 -9999 -9999 -9999 -9999 -9999 -9999 -9999 -9999 -9999 -9999 -9999 -9999 -9999 -9999 -9999 -9999 -9999 -9999 -9999 -9999 -9999 -9999 -9999 -9999 -9999 -9999 -9999 -9999 -9999 -9999 187 412 258 72 9 83 70 187 176 22 46 10 37 145 127 99 215 198 599 404 555 211 126 186 97 112 6 18 5 11 17 8 5 59
-9999 -9999 -9999 -9999 -9999 -9999 -9999 -9999 -9999 -9999 -9999 -9999 -9999 -9999 -9999 -9999 -9999 -9999 -9999 -9999 -9999 -9999 -9999 -9999 -9999 -9999 -9999 -9999 -9999 -9999 -9999 -9999 -9999 -9999 -9999 -9999 -9999 -9999 -9999 -9999 -9999 -9999 -9999 -9999 -9999 -9999 -9999 -9999 -9999 -9999 -9999 -9999 -9999 -9999 -9999 -9999 -9999 -9999 -9999 -9999 -9999 -9999 0 5 203 233 1 3 -9999 4 48 1034 216 75 33 20 41 46 60 170 435 497 102 274 125 71 135 98 41 20 10 21 17 5 16 25
-9999 -9999 -9999 -9999 -9999 -9999 -9999 -9999 -9999 -9999 -9999 -9999 -9999 -9999 -9999 -9999 -9999 -9999 -9999 -9999 -9999 -9999 -9999 -9999 -9999 -9999 -9999 -9999 -9999 -9999 -9999 -9999 -9999 -9999 -9999 -9999 -9999 -9999 -9999 -9999 -9999 -9999 -9999 -9999 -9999 -9999 -9999 -9999 -9999 -9999 -9999 -9999 -9999 -9999 -9999 -9999 -9999 -9999 -9999 -9999 -9999 -9999 -9999 -9999 -9999 -9999 -9999 -9999 -9999 -9999 -9999 72 63 315 123 637 930 201 93 124 503 430 399 150 290 361 307 142 90 21 12 20 37 4 14 6
-9999 -9999 -9999 -9999 -9999 -9999 -9999 -9999 -9999 -9999 -9999 -9999 -9999 -9999 -9999 -9999 -9999 -9999 -9999 -9999 -9999 -9999 -9999 -9999 -9999 -9999 -9999 -9999 -9999 -9999 -9999 -9999 -9999 -9999 -9999 -9999 -9999 -9999 -9999 -9999 -9999 -9999 -9999 -9999 -9999 -9999 -9999 -9999 -9999 -9999 -9999 -9999 -9999 -9999 -9999 -9999 -9999 -9999 -9999 -9999 -9999 -9999 -9999 -9999 -9999 -9999 -9999 -9999 -9999 -9999 -9999 -9999 3 106 160 1097 370 271 238 75 92 121 89 157 122 142 460 142 40 22 42 6 16 17 7 8
-9999 -9999 -9999 -9999 -9999 -9999 -9999 -9999 -9999 -9999 -9999 -9999 -9999 -9999 -9999 -9999 -9999 -9999 -9999 -9999 -9999 -9999 -9999 -9999 -9999 -9999 -9999 -9999 -9999 -9999 -9999 -9999 -9999 -9999 -9999 -9999 -9999 -9999 -9999 -9999 -9999 -9999 -9999 -9999 -9999 -9999 -9999 -9999 -9999 -9999 -9999 -9999 -9999 -9999 -9999 -9999 -9999 -9999 -9999 -9999 -9999 -9999 -9999 -9999 -9999 -9999 -9999 -9999 -9999 -9999 -9999 -9999 -9999 1 65 390 561 354 618 108 123 117 174 329 434 388 53 24 109 31 59 64 59 53 6 36
-9999 -9999 -9999 -9999 -9999 -9999 -9999 -9999 -9999 -9999 -9999 -9999 -9999 -9999 -9999 -9999 -9999 -9999 -9999 -9999 -9999 -9999 -9999 -9999 -9999 -9999 -9999 -9999 -9999 -9999 -9999 -9999 -9999 -9999 -9999 -9999 -9999 -9999 -9999 -9999 -9999 -9999 -9999 -9999 -9999 -9999 -9999 -9999 -9999 -9999 -9999 -9999 -9999 -9999 -9999 -9999 -9999 -9999 -9999 -9999 -9999 -9999 -9999 -9999 -9999 -9999 -9999 -9999 -9999 -9999 -9999 -9999 -9999 -9999 -9999 2 97 198 572 187 139 56 362 481 21 42 82 112 33 180 434 63 24 89 11 10
-9999 -9999 -9999 -9999 -9999 -9999 -9999 -9999 -9999 -9999 -9999 -9999 -9999 -9999 -9999 -9999 -9999 -9999 -9999 -9999 -9999 -9999 -9999 -9999 -9999 -9999 -9999 -9999 -9999 -9999 -9999 -9999 -9999 -9999 -9999 -9999 -9999 -9999 -9999 -9999 -9999 -9999 -9999 -9999 -9999 -9999 -9999 235 3 -9999 -9999 -9999 -9999 -9999 -9999 -9999 -9999 -9999 1 1 5 -9999 -9999 -9999 -9999 -9999 -9999 -9999 -9999 -9999 -9999 -9999 -9999 -9999 -9999 -9999 -9999 5 304 343 143 108 106 20 19 62 31 194 139 520 117 77 116 37 43 44
-9999 -9999 -9999 -9999 -9999 -9999 -9999 -9999 -9999 -9999 -9999 -9999 -9999 -9999 -9999 -9999 -9999 -9999 -9999 -9999 -9999 -9999 -9999 -9999 -9999 -9999 -9999 -9999 -9999 -9999 -9999 -9999 -9999 -9999 -9999 -9999 -9999 -9999 -9999 -9999 -9999 -9999 -9999 -9999 -9999 -9999 -9999 353 0 -9999 -9999 -9999 -9999 -9999 -9999 -9999 -9999 1 11 292 556 23 3 0 -9999 -9999 -9999 -9999 -9999 -9999 -9999 -9999 -9999 -9999 -9999 -9999 -9999 -9999 3 376 82 62 108 33 106 23 81 83 105 38 49 8 135 126 94 213
-9999 -9999 -9999 -9999 -9999 -9999 -9999 -9999 -9999 -9999 -9999 -9999 -9999 -9999 -9999 -9999 -9999 -9999 -9999 -9999 -9999 -9999 -9999 -9999 -9999 -9999 -9999 -9999 -9999 -9999 -9999 -9999 -9999 -9999 -9999 -9999 -9999 -9999 -9999 -9999 -9999 -9999 -9999 -9999 -9999 -9999 -9999 -9999 -9999 -9999 -9999 -9999 -9999 -9999 -9999 -9999 -9999 -9999 2 4 136 307 121 105 1 -9999 -9999 -9999 -9999 -9999 -9999 -9999 -9999 -9999 -9999 -9999 -9999 -9999 -9999 6 4 152 111 20 36 7 32 51 65 32 233 121 98 65 74 45
-9999 -9999 -9999 -9999 -9999 -9999 -9999 -9999 -9999 -9999 -9999 -9999 -9999 -9999 -9999 -9999 -9999 -9999 -9999 -9999 -9999 -9999 -9999 -9999 -9999 -9999 -9999 -9999 -9999 -9999 -9999 -9999 -9999 -9999 -9999 -9999 -9999 -9999 -9999 -9999 -9999 -9999 -9999 -9999 -9999 -9999 -9999 -9999 -9999 -9999 -9999 -9999 -9999 -9999 -9999 -9999 -9999 -9999 -9999 -9999 41 761 406 437 245 9 -9999 -9999 -9999 -9999 -9999 -9999 -9999 -9999 -9999 -9999 -9999 -9999 -9999 -9999 -9999 0 254 104 58 10 6 4 37 165 290 79 79 9 89 132
-9999 -9999 -9999 -9999 -9999 -9999 -9999 -9999 -9999 -9999 -9999 -9999 -9999 -9999 -9999 -9999 -9999 -9999 -9999 -9999 -9999 -9999 -9999 -9999 -9999 -9999 -9999 -9999 -9999 -9999 -9999 -9999 -9999 -9999 -9999 -9999 -9999 -9999 -9999 -9999 -9999 -9999 -9999 -9999 -9999 -9999 -9999 -9999 -9999 -9999 -9999 -9999 -9999 -9999 -9999 -9999 -9999 -9999 -9999 -9999 2 166 179 161 1095 84 -9999 -9999 -9999 -9999 -9999 -9999 -9999 -9999 -9999 -9999 -9999 -9999 -9999 -9999 -9999 -9999 1 17 46 26 21 14 103 83 69 46 78 18 1 256
