PCAComponentsRaw_RC/PlantBias.asc
NCOLS 1405 
NROWS 621 
XLLCORNER -125.020833333 
YLLCORNER 24.0625 
CELLSIZE 0.0416666666669039 
NODATA_value -9999 
[rows 285 to 341 of 621, columns 1056 to 1151 of 1405]
0 1 0 1 0 0 0 4 0 0 0 0 0 0 2 1 8 16 11 3 0 1 0 6 0 4 0 0 0 7 4 4 13 1 0 4 0 0 0 0 2 2 1 1 1 3 4 12 1 5 37 28 38 7 5 17 34 56 42 114 242 411 25 2 5 9 1 11 7 0 4 16 10 6 4 2 32 0 1 2 1 2 0 4 5 0 4 27 2 3 0 0 0 0 0 0
0 54 2 0 1 0 0 0 0 0 0 15 0 0 0 11 12 4 1 0 1 1 2 0 2 5 0 1 8 0 0 0 0 7 5 3 3 1 0 0 0 0 0 0 2 18 2 4 17 7 7 25 5 0 9 7 7 12 7 35 237 146 27 10 3 2 5 5 14 16 2 1 2 4 410 1 1 6 1 4 2 2 0 4 7 0 0 0 0 0 0 0 0 1 6 1
0 0 1 0 0 4 0 2 0 1 0 0 2 0 0 2 4 0 0 0 0 4 0 0 0 5 0 3 3 0 4 1 1 4 2 1 0 12 3 1 1 0 0 1 4 5 5 2 24 53 109 25 9 2 1 6 16 3 3 40 5 1 2 0 1 0 2 1 1 2 1 2 0 1 1 1 0 1 8 0 0 2 0 0 3 3 8 0 0 0 6 1 0 0 0 0
1 0 5 2 0 0 0 0 4 2 0 0 0 0 1 1 10 8 10 3 1 1 0 3 3 1 0 0 10 35 0 1 0 1 0 0 3 7 2 0 0 0 2 15 6 20 35 32 42 100 40 23 6 2 2 2 2 10 34 3 0 4 12 0 12 3 16 5 4 3 0 7 6 5 0 2 13 1 2 2 0 10 1 1 0 3 1 0 0 0 3 1 0 0 0 0
5 1 0 0 0 0 0 0 0 1 1 0 7 0 1 1 0 2 3 0 0 1 0 1 7 6 0 1 8 26 1 0 0 1 0 0 0 3 0 0 1 14 2 35 10 9 12 0 17 2 24 7 1 3 2 0 0 6 1 2 2 1 2 5 33 15 17 1 3 0 2 1 2 0 5 1 0 0 0 2 0 0 4 3 9 0 2 1 1 0 5 0 4 0 0 0
24 0 0 1 1 0 0 1 0 0 1 1 0 0 3 16 2 0 1 1 2 0 2 1 7 2 3 9 4 2 0 0 1 6 1 1 8 5 0 1 3 0 2 8 1 14 44 7 11 1 1 2 3 7 0 1 1 0 4 14 9 6 2 4 0 3 2 0 0 2 3 6 4 4 12 4 9 2 11 16 3 8 3 6 5 3 2 1 0 0 0 0 0 0 0 0
9 0 3 4 1 0 0 1 0 0 1 1 0 20 8 21 3 48 2 6 1 0 2 9 3 6 2 1 2 1 2 0 8 6 33 1 12 180 73 15 0 3 6 6 13 0 1 1 4 0 12 34 7 2 2 22 4 2 3 3 27 0 0 1 1 2 12 1 2 1 0 4 1 1 1 5 5 1 2 6 0 1 6 49 10 18 2 1 2 0 0 0 1 32 19 0
1 2 86 3 1 0 4 0 0 4 0 8 11 13 21 3 4 16 0 0 0 0 0 0 2 0 0 0 0 0 0 0 0 0 3 14 5 2 5 10 4 11 3 32 4 2 1 0 0 1 1 6 0 0 2 0 2 3 1 6 1 0 3 1 2 3 1 1 3 0 0 0 2 2 5 2 1 8 4 0 4 25 2 3 27 63 0 9 3 21 3 0 2 2 5 11
0 0 4 14 2 0 1 2 6 1 0 4 1 2 17 1 5 1 3 0 0 0 2 0 0 1 5 13 0 0 0 0 0 0 1 7 1 4 1 1 14 1 5 1 1 1 0 2 16 2 1 6 9 0 0 1 4 1 0 0 0 1 0 0 0 6 4 0 0 0 0 0 2 9 26 44 5 6 1 2 2 7 5 1 7 8 17 3 1 0 0 0 1 0 0 13
0 1 3 19 2 0 0 4 0 0 0 0 2 0 0 1 0 17 4 0 0 0 0 0 1 0 8 2 25 1 0 0 0 1 1 0 4 0 3 0 9 0 0 0 1 1 0 1 1 3 2 1 4 0 2 7 1 0 1 0 0 0 2 2 0 2 14 2 2 0 8 5 3 25 114 25 6 39 0 2 8 29 40 78 63 97 29 19 67 6 0 1 1 2 0 0
1 1 6 1 2 7 4 1 1 0 0 4 0 0 0 3 6 0 5 0 0 0 0 2 0 1 0 0 0 2 0 0 0 0 1 147 4 13 5 3 5 0 1 0 0 1 0 1 1 0 0 2 24 6 1 9 0 1 0 0 1 2 0 2 3 5 2 5 1 3 0 0 7 13 4 4 4 3 22 4 18 33 149 104 16 146 84 8 18 22 0 0 0 2 0 0
6 8 0 7 2 2 1 0 0 0 0 0 0 2 0 0 0 0 0 0 4 1 0 13 13 0 0 0 0 0 1 2 2 0 0 4 8 11 29 20 6 0 2 4 4 25 7 8 0 0 0 0 0 0 0 1 0 2 0 0 0 0 1 0 0 1 1 0 1 0 0 0 15 0 2 4 12 23 6 14 9 9 40 52 53 209 10 19 10 57 4 4 0 2 1 0
33 4 12 0 0 2 0 0 2 1 2 0 0 0 1 1 1 0 7 2 2 1 0 6 1 1 1 0 3 15 1 2 6 13 5 19 9 6 2 25 4 3 0 0 0 1 39 11 1 1 3 0 1 0 0 0 1 0 0 18 2 4 0 6 1 34 20 2 0 1 0 2 11 5 12 1 11 2 1 2 33 10 133 238 590 1100 105 6 15 2 2 0 1 2 1 2
0 2 2 0 1 3 1 0 0 7 0 0 0 14 1 0 0 1 2 4 0 5 3 0 1 0 2 3 6 1 2 2 14 1 1 37 15 1 1 1 1 2 0 3 0 2 0 1 1 1 0 1 0 0 0 0 0 0 0 1 0 0 0 0 16 9 2 0 0 0 0 1 0 3 6 1 12 5 2 22 30 31 33 28 19 69 24 3 12 0 3 1 1 0 19 0
0 1 0 2 1 0 0 0 4 0 1 7 2 8 6 3 1 39 1 0 1 84 2 1 13 0 13 1 4 5 5 10 6 42 59 2 2 0 0 0 1 7 11 11 3 4 3 0 1 0 2 0 2 0 0 0 1 0 2 0 0 0 0 1 0 0 0 0 0 0 0 0 0 0 4 1 1 5 0 2 49 65 56 18 4 15 6 14 16 1 1 14 1 3 0 2
0 0 0 0 1 5 0 0 0 2 23 52 43 3 2 2 6 349 3 0 3 2 1 1 11 8 19 2 4 4 7 1 1 18 2 1 3 1 3 0 5 0 13 22 57 70 1 0 1 20 1 2 3 0 1 0 2 62 0 0 0 18 6 0 0 0 0 1 0 0 1 0 0 0 0 0 0 1 3 85 129 7 21 11 5 6 14 5 1 5 41 7 0 0 0 12
0 0 1 6 6 5 6 5 3 4 77 230 39 8 5 5 8 4 2 8 105 16 42 32 14 30 9 0 2 2 2 0 0 1 0 29 12 0 2 1 4 2 3 9 6 8 1 16 0 0 0 3 4 6 0 1 2 21 5 1 2 1 0 0 0 7 3 0 0 0 0 0 2 2 0 0 0 2 0 5 4 7 184 19 18 6 11 95 6 1 27 4 2 0 2 1
1 2 0 0 4 11 9 6 12 11 13 25 3 7 18 3 28 1 1 1 2 2 3 11 8 9 18 19 0 1 0 1 0 1 1 13 54 0 4 0 2 9 16 6 19 0 0 2 3 0 1 0 1 1 0 0 2 2 0 0 0 10 1 11 2 2 11 0 0 0 0 1 3 12 2 0 0 0 1 7 3 0 6 12 3 8 11 23 14 6 5 45 46 2 19 8
0 0 0 0 1 2 1 3 10 12 0 2 30 226 20 13 34 4 2 0 1 42 65 39 12 64 6 5 8 2 3 7 0 0 5 1 1 1 0 1 5 0 1 1 2 1 1 4 0 0 0 0 1 0 0 0 2 3 2 2 1 8 231 92 10 10 10 10 1 3 1 0 1 1 4 1 2 0 0 0 0 4 3 1 2 5 1 6 9 11 1 6 6 1 2 0
1 1 0 2 0 1 1 2 2 14 19 7 23 192 232 35 2 1 3 13 16 12 43 25 26 49 57 8 11 1 3 0 1 2 0 1 1 1 0 1 0 0 1 1 1 1 0 0 0 0 0 0 0 0 0 0 0 0 0 0 0 15 2 1 19 5 0 0 0 0 0 0 0 0 1 1 1 0 1 2 1 4 154 1 1 7 18 17 6 1 1 1 0 1 0 0
1 0 5 5 4 5 1 0 0 4 29 14 33 95 251 163 284 8 6 0 0 1 28 11 15 12 4 3 2 0 1 6 2 2 2 0 0 0 0 0 0 0 1 1 0 6 0 3 0 0 0 0 0 1 0 0 0 4 0 0 0 27 5 0 0 11 7 4 1 0 0 0 0 0 0 0 0 0 1 1 0 0 1 5 16 6 23 11 5 3 2 0 0 0 2 0
0 3 6 0 0 2 0 0 0 0 7 5 4 1 66 14 15 10 14 0 4 58 4 0 4 5 75 3 5 2 1 5 1 2 0 0 0 0 1 0 0 0 0 0 1 1 1 1 0 0 0 0 0 1 1 0 0 0 0 0 1 12 0 2 5 57 7 1 2 5 0 0 0 1 5 0 0 0 0 1 0 0 0 1 5 0 2 1 1 1 0 0 1 0 0 1
1 3 2 0 0 1 0 4 1 1 250 55 3 1 64 5 4 0 0 3 24 8 0 2 1 7 2 1 2 1 9 3 10 8 4 0 0 0 0 0 2 4 2 0 0 0 0 0 0 0 0 0 0 2 0 0 1 3 0 2 0 1 0 0 0 1 0 0 3 0 1 0 28 0 1 0 0 0 1 1 1 1 10 6 2 0 1 0 2 0 1 0 0 0 0 0
0 0 0 0 25 8 1 4 1 2 3 36 13 4 23 5 0 2 5 8 2 1 0 2 1 1 13 2 18 0 1 4 0 18 6 11 0 0 0 0 1 1 0 2 0 0 1 0 0 1 2 0 0 1 3 1 0 0 2 0 2 3 4 2 0 3 0 0 0 0 0 0 9 4 0 0 1 0 0 1 0 0 0 3 0 0 2 0 0 0 0 1 3 4 0 0
0 0 3 0 0 11 6 1 4 21 2 11 3 2 8 5 0 1 4 1 1 1 7 0 0 0 4 2 0 2 3 11 3 6 0 1 3 0 0 0 0 0 0 0 0 0 0 0 1 22 0 0 1 0 1 2 1 1 2 0 0 14 0 1 1 31 2 0 4 1 0 0 0 4 0 0 0 0 1 1 2 9 1 0 0 0 0 1 1 4 1 0 0 1 9 0
0 0 0 0 0 5 8 1 11 1 1 3 4 0 9 8 6 2 2 5 3 3 3 0 0 0 0 14 0 2 2 0 12 1 0 0 0 2 0 0 1 0 0 0 18 0 0 0 0 0 2 0 2 1 0 3 0 0 16 1 2 0 0 0 1 1 5 3 5 0 1 0 2 3 1 1 0 0 0 0 0 0 1 0 1 0 0 5 0 12 1 2 0 0 3 10
0 7 1 2 1 0 1 7 0 0 0 0 0 2 1 8 6 8 6 6 1 2 1 1 0 0 2 1 1 1 0 0 0 0 0 0 0 0 1 1 1 0 0 1 0 0 0 0 0 0 0 0 0 0 0 1 2 0 0 0 1 0 0 0 1 1 1 0 0 0 0 0 0 2 0 0 0 0 1 1 0 0 0 1 0 1 6 4 0 0 0 1 1 15 11 9
4 7 6 5 4 13 6 0 0 0 0 0 35 8 0 5 9 7 7 29 9 0 0 5 0 0 5 0 0 0 0 0 0 0 0 0 0 0 0 0 0 1 0 4 0 0 0 0 1 0 0 0 0 0 3 0 1 0 1 0 0 0 0 0 0 0 0 0 0 0 0 0 0 0 0 0 0 2 0 0 3 0 0 0 0 0 0 0 0 2 1 0 1 0 5 5
2 3 4 23 4 1 11 1 1 0 0 0 0 2 2 3 18 122 11 3 0 2 2 0 0 0 0 0 0 0 0 0 0 0 0 3 0 0 0 0 0 0 0 0 0 0 0 0 0 0 0 0 0 0 0 18 0 0 1 1 0 0 4 5 0 0 0 0 1 0 0 0 0 0 0 0 2 0 1 0 0 0 0 0 2 0 0 0 0 0 0 1 13 0 0 1
1 9 4 5 0 2 2 0 0 1 1 2 1 1 1 0 24 0 3 1 1 2 1 1 1 0 0 0 0 0 0 0 0 0 1 0 0 0 1 4 1 0 0 2 0 0 1 0 0 0 0 0 0 1 0 0 2 3 0 1 0 0 0 1 1 0 0 0 0 0 0 1 0 0 0 0 0 0 0 0 0 1 0 1 1 0 0 0 0 6 0 0 0 0 0 0
2 8 2 3 1 0 3 1 1 0 1 0 2 37 9 36 77 3 4 1 0 18 14 10 2 0 0 0 0 0 1 0 0 0 0 0 0 0 0 2 9 1 5 0 0 0 0 0 0 1 0 0 0 1 0 0 2 1 0 0 0 6 1 0 0 1 0 1 5 2 0 2 0 0 0 1 0 0 0 0 0 0 0 1 0 21 1 0 0 1 0 0 7 4 1 0
4 13 4 3 2 0 4 5 24 3 0 2 0 4 26 4 1 0 2 1 4 0 1 0 7 9 1 0 0 1 1 0 0 0 0 0 0 86 0 3 0 0 0 2 0 0 0 0 2 1 1 3 0 4 42 16 1 2 1 0 2 0 1 0 0 0 0 0 1 5 2 4 0 2 0 3 2 0 0 0 5 0 0 1 1 1 2 0 0 0 2 0 0 2 0 0
3 4 12 2 9 3 0 2 0 0 1 3 0 1 4 5 6 1 1 1 0 2 0 0 0 0 5 8 1 0 0 0 0 0 0 0 0 1 18 1 0 0 0 1 5 0 0 0 0 3 12 1 2 2 4 4 14 2 28 10 0 0 0 1 0 0 0 2 0 5 1 3 0 0 4 0 0 1 0 0 0 0 1 3 0 0 2 0 0 0 1 2 0 1 4 0
2 8 11 3 6 7 1 6 1 2 0 0 0 9 8 1 0 7 0 0 0 0 1 0 0 2 1 12 10 2 0 1 1 0 1 0 0 0 14 1 0 0 0 0 1 0 0 0 0 0 2 0 0 1 1 6 6 5 3 0 0 3 2 2 0 0 0 1 1 4 1 2 0 0 0 0 0 0 1 0 0 1 1 15 0 0 0 0 0 0 0 0 0 0 0 6
2 7 2 0 0 0 0 5 0 1 0 1 0 1 2 2 0 0 6 1 0 0 0 1 1 0 0 0 12 2 0 0 5 1 1 0 0 0 5 3 0 0 2 0 0 0 0 0 0 0 1 0 0 1 3 0 2 4 4 48 17 1 0 0 0 16 0 7 0 0 0 2 0 0 0 0 0 1 0 0 0 0 0 2 0 0 0 0 0 0 0 1 0 0 0 0
1 4 6 2 4 1 5 2 1 0 0 0 0 0 0 0 1 0 0 2 1 1 0 0 0 0 0 2 0 3 0 0 0 0 3 2 0 4 7 17 1 1 0 0 0 1 1 0 1 1 3 2 0 0 0 0 0 0 2 1 2 0 2 1 0 25 2 2 7 7 1 0 0 0 0 0 0 0 4 1 0 0 4 3 0 0 2 3 0 0 2 0 0 0 0 0
4 10 29 3 3 2 5 1 0 8 2 0 0 0 0 0 1 2 0 0 1 0 0 1 5 0 0 0 1 0 3 0 0 1 1 0 3 1 0 9 5 1 2 10 2 0 0 2 2 1 2 0 1 1 1 0 0 0 0 1 0 7 0 3 3 0 0 0 4 1 0 0 2 2 0 0 2 0 0 0 0 0 12 0 0 0 0 1 2 0 1 1 1 0 0 1
2 17 2 6 2 1 0 1 2 2 7 1 0 11 1 1 1 0 1 0 0 2 0 0 1 2 1 0 0 3 14 2 2 0 1 0 0 0 0 2 1 3 0 0 0 1 1 1 9 4 0 0 0 0 4 0 0 0 3 2 13 2 1 0 2 2 2 2 0 0 2 2 1 5 0 0 2 2 1 0 4 12 0 0 0 0 0 0 0 0 0 0 1 0 0 1
41 4 2 0 8 1 0 0 0 1 4 1 0 0 3 0 1 2 0 2 0 0 0 0 1 2 7 0 0 7 25 0 0 1 0 3 1 3 0 5 2 0 4 2 4 0 1 1 3 2 1 7 9 0 0 1 0 0 23 0 0 0 1 9 2 1 3 19 7 0 5 0 0 1 0 0 2 5 1 5 10 2 4 5 1 0 0 0 1 0 0 6 3 7 8 5
43 16 2 2 19 1 5 7 0 3 1 0 1 2 1 37 1 35 67 5 2 2 8 1 3 7 0 0 2 4 2 1 4 0 1 0 1 1 0 3 7 29 2 5 4 0 1 4 3 6 0 0 0 0 1 0 0 0 1 0 1 0 8 10 1 4 4 0 3 3 1 0 0 2 0 0 0 0 0 1 0 4 25 0 1 0 0 0 1 0 0 4 0 0 1 3
10 0 2 11 14 2 1 38 2 0 1 0 4 8 1 13 2 31 71 14 0 1 0 2 1 4 3 0 1 4 8 5 8 0 0 0 0 0 0 4 5 4 0 3 6 2 7 0 7 3 3 1 2 6 1 1 0 0 0 5 3 0 7 0 6 0 2 3 1 0 4 0 0 1 0 0 0 1 0 1 0 0 0 0 0 9 5 6 0 0 0 0 0 0 1 2
0 1 0 0 1 0 0 2 1 1 0 1 19 110 0 0 0 14 1 0 0 4 1 10 15 0 2 1 0 1 1 1 10 0 0 0 0 4 1 4 1 17 4 12 1 0 1 2 1 0 4 1 1 1 2 0 1 0 6 3 6 4 9 3 0 1 4 2 0 0 0 0 0 0 0 0 0 1 0 0 10 1 7 1 0 10 0 1 0 0 0 0 2 0 1 2
8 0 5 4 1 2 2 0 0 0 1 1 0 0 8 0 7 5 4 3 1 21 2 5 5 3 1 0 3 2 2 7 2 2 36 6 0 0 1 12 1 0 1 6 0 0 4 1 3 1 8 0 4 0 0 1 1 6 16 0 3 1 8 0 0 0 0 3 1 0 2 1 3 0 1 2 1 0 0 1 0 0 4 2 0 0 1 1 0 2 3 5 1 0 0 1
0 0 0 19 14 0 0 0 0 1 1 2 51 1 2 0 4 20 0 1 1 0 15 1 4 2 2 1 2 61 92 2 1 1 13 2 0 2 15 1 1 3 3 3 0 1 8 7 0 19 7 0 4 0 3 0 2 16 5 2 2 2 4 3 2 0 1 0 0 4 0 0 0 1 0 131 0 0 1 0 0 0 1 0 1 0 2 0 0 1 0 0 0 3 0 0
0 0 1 1 2 1 0 1 2 3 2 0 2 4 13 2 18 7 20 24 0 0 1 28 12 2 7 7 14 16 3 9 2 0 0 0 8 3 2 3 11 4 0 3 13 4 28 5 5 5 10 8 6 4 25 31 7 0 3 6 3 7 6 0 2 0 1 0 0 0 0 2 2 0 4 0 0 0 0 0 0 1 0 0 0 0 0 0 1 2 0 0 0 1 0 1
0 1 1 0 0 0 1 0 1 0 0 1 1 0 5 14 37 104 5 5 2 7 10 3 5 6 5 34 66 103 5 8 26 4 8 2 132 6 4 1 0 6 2 1 35 11 2 6 23 190 16 23 21 4 112 13 9 5 2 4 0 3 1 0 2 21 0 5 2 0 0 0 5 0 0 0 0 0 1 0 0 5 0 0 1 2 0 1 0 0 0 1 0 1 0 0
2 0 1 2 17 2 4 3 0 5 0 2 1 5 11 24 46 173 22 2 5 10 19 15 31 15 29 64 159 17 4 3 2 1 3 30 254 5 76 17 1 20 39 15 222 28 8 40 48 43 88 20 282 58 9 26 8 4 2 4 0 3 1 0 1 5 0 0 0 1 0 11 1 1 0 1 1 0 0 2 0 0 0 2 6 0 6 7 1 0 0 0 2 0 0 0
8 0 1 1 1 3 0 0 3 0 0 1 8 4 10 25 30 50 55 24 22 10 11 6 1 4 36 85 261 308 6 6 2 1 6 23 103 49 19 37 8 17 31 20 62 299 198 47 306 209 251 750 178 33 15 9 5 5 10 6 1 2 0 0 0 12 3 0 9 5 1 6 0 0 0 0 0 0 0 0 2 2 0 2 0 0 0 0 0 0 16 2 0 0 0 0
0 0 0 0 1 1 0 0 0 1 0 3 1 9 20 15 3 22 14 8 4 6 0 10 12 19 6 10 22 22 19 10 4 2 11 7 12 8 25 43 7 15 13 177 151 288 140 285 205 323 363 114 96 26 27 12 48 8 3 7 1 3 1 7 24 1 1 0 1 0 0 1 5 0 1 1 8 1 1 0 0 0 0 0 0 0 0 1 0 0 0 0 0 0 0 1
2 1 2 3 2 0 5 0 4 0 13 0 1 14 27 22 4 17 7 3 5 5 4 12 8 44 14 2 4 3 9 10 2 1 3 3 1 211 20 29 5 16 6 77 103 66 96 1106 701 579 658 181 40 29 63 51 57 16 5 24 23 4 2 2 0 0 2 2 0 0 0 2 1 3 8 1 2 13 4 1 1 3 0 0 0 0 0 0 0 0 3 1 0 0 1 0
2 0 0 3 5 1 1 3 0 0 6 2 2 0 5 10 4 7 13 1 5 13 6 12 29 10 8 22 9 9 19 12 2 1 2 2 14 10 176 20 134 18 42 28 64 145 448 432 290 684 110 29 31 21 20 22 27 91 127 25 44 12 5 9 2 3 3 12 0 6 0 0 1 8 3 4 3 37 3 3 1 1 0 0 0 0 0 0 0 0 0 10 0 0 1 5
1 0 0 43 0 4 2 0 0 2 7 1 0 0 2 2 2 28 11 9 6 16 15 10 4 30 37 2 3 3 11 0 11 5 4 2 13 16 87 33 12 57 293 29 67 111 801 3012 235 267 191 21 14 65 31 65 37 53 204 27 104 12 13 106 5 4 12 5 1 0 1 0 2 0 0 0 0 0 1 1 0 0 2 2 0 0 0 0 0 0 1 2 2 4 0 0
0 0 0 5 11 0 1 0 3 2 2 2 4 2 2 16 15 9 7 6 60 11 8 10 12 3 8 0 0 1 2 0 0 2 0 3 14 16 10 15 22 4 50 28 55 105 222 365 441 86 75 67 17 27 376 150 123 137 472 151 34 1 2 1 4 4 35 4 0 6 0 0 2 0 6 9 1 3 1 0 1 0 0 2 1 0 0 0 0 4 4 0 1 4 0 15
3 1 3 3 0 2 1 1 0 0 2 0 1 9 1 6 2 6 5 3 5 3 41 11 2 4 1 1 5 10 0 0 2 1 7 1 1 2 0 2 1 0 49 107 51 150 201 164 149 24 38 68 106 218 364 480 104 120 49 49 23 3 59 13 27 6 3 4 0 1 1 0 2 0 0 1 0 0 1 0 2 0 0 1 3 0 2 1 5 5 7 2 4 0 0 0
4 3 26 47 19 12 4 0 0 2 2 3 6 54 3 6 1 2 8 3 1 5 47 8 2 2 7 3 0 10 2 0 1 1 3 0 0 0 0 5 4 2 16 17 106 89 35 35 44 17 156 161 145 220 123 1649 538 234 60 258 69 74 7 38 6 32 9 10 8 5 5 1 0 1 9 3 2 2 0 1 1 0 0 2 1 8 1 1 0 4 1 0 0 0 1 1
1 0 10 1 2 0 4 2 3 3 1 2 4 1 1 0 4 0 7 8 2 5 6 0 1 9 3 12 5 5 9 5 9 0 7 1 8 4 1 11 7 5 34 16 32 175 40 37 27 11 74 42 167 118 96 440 292 135 140 55 8 19 122 2 10 7 7 16 6 5 11 7 8 11 21 3 7 2 0 0 3 2 0 1 0 1 0 4 1 0 0 0 1 1 0 2
14 2 26 4 1 0 1 0 0 5 1 5 21 9 14 18 1 0 1 14 1 2 1 1 0 21 20 3 1 8 1 5 6 3 0 1 0 8 3 4 18 20 26 64 74 22 113 115 38 14 105 12 24 350 416 318 69 32 9 3 30 18 4 9 22 3 7 75 1 15 1 7 9 7 15 5 4 1 1 0 0 0 0 2 0 1 0 1 0 0 3 1 23 2 0 2
