PCAComponentsRaw_RC/PlantBias.asc
NCOLS 1405 
NROWS 621 
XLLCORNER -125.020833333 
YLLCORNER 24.0625 
CELLSIZE 0.0416666666669039 
NODATA_value -9999 
[rows 171 to 227 of 621, columns 1152 to 1247 of 1405]
0 4 3 0 0 0 2 5 2 0 0 2 1 5 1 2 5 31 18 1 7 15 40 124 34 0 0 1 0 3 2 0 0 8 0 15 3 0 0 0 1 0 2 0 0 0 0 1 0 3 7 36 0 0 7 4 0 1 2 0 1 0 1 0 0 3 7 1 3 4 2 2 6 24 38 51 74 105 67 47 32 2 0 0 3 39 17 3 1 2 64 796 11 27 6 2
8 8 6 2 12 2 17 11 2 1 1 2 0 17 0 3 1 21 6 4 1 1 41 1 7 1 0 1 2 0 2 1 5 0 0 1 4 0 0 1 0 3 0 0 1 2 1 0 12 0 1 2 0 0 0 5 1 0 3 0 6 1 3 2 3 2 3 4 0 11 6 1 7 24 192 78 67 54 2 19 151 2 2 1 8 7 7 6 350 4 11 41 56 3 25 3
0 5 6 0 0 0 18 7 2 1 2 1 0 0 87 36 2 9 2 1 30 3 1 1 0 2 4 6 0 1 1 2 0 3 0 3 2 4 0 2 0 0 0 0 0 2 0 0 1 2 22 0 0 0 0 4 0 2 7 33 2 0 3 1 2 0 1 3 1 5 12 17 2 38 43 647 256 30 40 58 56 9 9 5 0 19 35 9 2 15 28 277 64 44 100 3
7 5 1 5 13 0 1 2 3 10 0 0 0 0 2 5 26 93 2 1 6 0 3 2 1 1 10 0 1 0 6 0 0 11 7 2 27 0 2 0 1 0 1 0 0 0 0 1 1 9 3 2 17 0 0 1 0 1 1 2 10 4 0 0 5 3 2 0 2 2 0 30 84 18 15 10 58 91 55 25 12 14 7 12 12 13 7 5 1 8 55 68 45 24 13 6
3 0 2 3 3 1 0 20 18 5 1 7 1 1 4 2 0 0 9 27 20 3 6 0 5 7 0 1 0 0 3 2 0 1 0 0 3 3 0 0 0 0 0 0 0 0 0 0 0 0 11 15 0 0 0 1 0 1 2 1 0 0 0 0 3 1 1 0 0 6 1 1 20 6 40 232 53 49 21 19 3 23 4 11 1 0 17 8 6 5 10 46 205 72 4 39
0 0 6 4 10 6 4 1 6 51 6 7 11 6 8 44 9 7 167 121 17 3 1 1 2 2 1 1 3 9 4 15 5 1 2 1 1 0 0 0 4 2 0 1 0 9 0 1 1 1 4 2 0 0 4 5 1 0 2 3 2 1 0 15 8 1 0 0 2 5 5 1 34 5 26 39 21 7 13 14 2 7 6 6 8 4 1 5 3 3 9 34 29 8 8 12
0 2 7 15 0 29 2 0 18 160 100 52 58 8 16 4 98 53 114 3 0 9 63 7 1 4 7 3 3 1 8 5 8 0 1 13 10 1 0 1 0 0 9 0 1 0 0 0 0 4 1 0 3 2 3 1 1 0 1 0 5 0 7 0 1 0 0 3 31 1 1 1 3 3 11 63 2 14 19 6 8 10 3 2 8 4 10 6 26 13 45 17 32 1 37 21
0 0 4 5 1 27 1 3 7 4 18 84 67 221 38 77 43 93 13 20 7 13 17 0 2 2 2 2 25 3 2 3 5 0 0 4 3 0 0 0 0 0 2 0 1 0 0 7 3 21 1 3 0 0 0 1 0 5 0 0 0 0 6 4 0 0 1 6 13 25 0 2 3 2 4 14 6 49 1 3 1 6 0 15 7 10 3 10 29 33 17 36 26 14 13 23
0 1 1 12 2 30 77 5 1 3 16 77 918 1325 203 60 34 47 22 11 7 2 1 7 8 4 5 1 2 5 2 1 1 1 4 2 3 1 0 7 0 0 1 0 1 1 16 24 2 1 0 1 5 0 1 5 1 2 0 0 0 1 1 0 4 2 0 2 0 0 1 3 1 7 10 45 7 64 0 2 7 5 5 6 26 14 7 28 30 19 120 26 14 30 14 5
1 0 1 5 8 25 0 3 1 50 209 195 601 121 42 45 108 37 8 9 3 0 1 7 6 10 1 5 8 2 2 2 1 4 5 0 0 0 0 2 1 4 0 0 0 8 0 0 4 0 0 3 1 7 0 1 1 21 3 1 0 22 0 0 7 1 0 0 2 8 3 15 1 0 0 0 1 12 5 3 28 1 28 5 14 8 18 17 31 29 79 18 16 30 6 24
5 3 13 251 54 13 10 3 31 6 59 66 48 5 26 401 8 12 7 1 6 5 0 4 10 7 1 2 1 2 0 0 2 0 3 3 1 1 0 0 0 1 1 2 1 1 2 0 1 2 0 8 0 3 1 2 1 0 0 0 1 7 1 1 0 1 0 2 2 5 3 72 1 8 4 2 57 5 3 28 1 17 19 10 13 12 26 23 55 136 15 36 23 6 5 10
2 21 5 3 22 24 19 21 28 5 10 9 75 23 3 20 49 6 13 4 27 3 1 1 6 4 0 0 0 5 4 1 0 2 0 0 2 0 2 0 4 0 0 4 5 0 3 1 3 1 1 2 1 0 3 0 0 0 2 1 1 3 4 4 1 0 2 4 8 11 16 5 4 3 3 17 3 13 17 14 20 85 9 4 26 22 9 46 32 35 15 20 18 5 19 13
0 0 2 2 3 3 3 5 49 14 17 11 52 17 2 0 2 1 2 11 0 0 9 1 0 0 3 1 1 1 2 0 0 0 0 0 5 0 0 0 0 0 1 0 2 0 1 0 1 1 5 0 4 0 2 1 0 1 12 1 4 2 8 3 0 0 21 15 31 15 11 0 31 3 4 3 8 35 14 15 10 15 67 5 4 11 7 16 77 47 34 13 24 9 13 28
2 1 1 0 9 5 0 3 7 13 1 3 12 3 1 3 2 0 0 0 8 7 1 1 2 1 0 1 6 1 0 1 0 0 0 1 2 0 0 0 0 0 0 1 1 0 0 2 1 1 0 0 0 7 2 1 2 2 8 3 0 1 23 6 1 0 6 2 22 38 4 11 6 5 10 16 40 88 19 7 28 10 4 4 6 4 22 8 49 36 24 16 0 4 10 15
0 0 0 3 8 3 4 1 2 0 3 8 10 0 2 2 14 1 0 3 1 0 0 2 0 0 4 0 96 1 0 0 1 0 0 1 0 0 0 0 0 0 1 0 5 4 0 1 7 1 4 0 0 3 9 1 10 6 6 6 2 2 0 3 0 11 14 33 8 91 44 66 14 5 4 79 58 3 8 14 2 3 6 6 2 2 9 48 65 20 23 16 4 13 14 1
1 1 7 2 11 1 0 0 2 0 0 0 0 0 2 3 0 2 0 0 45 0 1 0 8 0 21 12 13 1 1 1 0 0 0 2 0 2 12 0 0 0 1 0 5 10 7 6 3 1 1 3 1 9 1 6 8 9 7 24 47 1 3 1 5 13 30 31 8 1 31 19 10 6 4 4 4 1 2 1 0 2 7 47 36 16 26 13 6 24 13 14 4 14 11 6
0 34 17 11 8 16 1 0 0 1 0 0 0 4 0 0 2 1 23 3 8 8 6 36 99 21 39 39 4 1 1 23 0 0 3 2 0 0 0 0 0 1 0 2 6 5 7 6 19 2 3 0 1 2 5 7 15 18 3 2 18 11 9 5 5 2 14 5 11 14 42 11 10 25 14 15 1 1 11 6 2 1 17 13 94 25 26 74 13 3 12 3 5 7 10 11
0 35 22 25 12 24 0 1 0 0 0 2 1 1 0 1 0 3 10 9 60 10 66 198 35 62 53 2 8 15 8 2 3 10 3 10 1 0 1 2 0 3 1 1 9 7 12 6 4 1 0 1 1 5 7 11 9 41 3 0 3 21 2 10 17 21 7 7 5 17 36 3 27 31 48 2 5 4 0 36 1 3 19 19 46 12 37 39 6 3 5 8 11 2 2 8
2 0 0 1 6 0 19 1 0 0 3 5 0 1 1 3 0 0 0 0 8 1 1 76 1 4 8 2 4 5 2 0 0 15 0 2 3 2 5 0 0 0 0 1 5 4 6 173 1 2 7 1 0 5 13 7 6 7 10 2 1 9 11 40 9 59 21 27 8 63 41 24 13 51 185 26 9 8 1 5 2 4 9 16 43 79 62 156 190 294 10 88 45 203 1 14
5 0 0 0 0 0 1 6 5 4 0 13 13 1 0 1 0 0 0 0 0 0 7 0 56 3 12 1 2 7 0 0 8 0 1 0 1 3 1 4 2 1 1 0 1 24 16 2 6 4 2 2 7 5 3 3 4 4 0 1 100 5 27 58 6 6 14 5 11 19 65 3 8 10 90 31 12 3 4 4 32 10 6 12 103 178 2250 267 236 187 2 612 37 39 269 19
0 1 1 0 1 2 0 7 0 0 0 5 28 0 2 0 0 0 0 0 7 0 1 1 0 0 7 2 13 0 15 3 1 4 15 0 0 6 2 1 1 21 8 3 3 0 3 5 6 5 17 3 5 1 1 4 0 1 4 7 7 3 6 0 7 14 5 45 24 5 12 11 16 11 56 20 25 2 5 5 29 0 7 2 33 164 64 288 86 719 7 53 23 2 1 100
0 0 0 1 0 3 0 1 0 2 0 2 0 0 1 0 1 0 0 0 0 2 1 0 0 0 8 47 11 0 7 2 0 1 1 2 0 0 2 13 0 1 3 0 0 0 2 0 1 0 7 8 14 2 0 3 1 0 2 4 2 4 20 4 6 5 15 24 6 4 15 47 82 26 50 14 12 10 4 1 65 8 6 4 78 86 90 79 13 49 0 25 25 2 206 75
0 0 0 0 0 1 0 0 1 10 0 0 6 1 0 0 0 0 0 0 0 3 0 0 0 0 0 1 11 96 1 17 1 1 2 2 11 6 0 1 0 0 1 1 4 1 0 2 1 3 0 11 4 10 4 1 0 2 1 3 1 1 3 11 10 6 5 12 17 8 35 18 4 35 34 16 8 1 3 5 6 13 1 5 20 509 47 108 4 17 4 3 17 30 64 58
1 0 0 0 0 0 0 1 0 0 0 1 2 0 1 0 0 0 0 0 1 2 0 0 0 0 0 21 1 6 3 0 3 0 0 3 5 2 0 0 21 1 0 0 0 6 0 1 2 1 0 1 1 1 5 3 4 0 1 7 0 4 5 3 4 9 15 10 52 69 96 25 28 76 19 10 3 10 4 2 1 4 2 12 8 217 16 80 593 124 328 61 27 61 7 3
2 0 10 0 4 53 4 22 45 0 2 2 1 2 0 0 0 0 0 0 0 0 2 0 1 1 2 1 6 0 0 3 4 3 0 0 4 0 0 0 2 0 0 0 0 6 1 0 2 0 2 3 1 1 12 4 2 1 9 2 1 0 0 7 2 14 12 11 61 144 22 19 22 132 51 13 3 18 36 50 31 20 221 7 56 61 82 25 1 41 5 12 2 56 6 15
4 0 0 15 1 2 0 0 0 0 0 0 0 21 2 8 0 0 0 0 0 4 0 0 0 0 6 9 2 6 11 0 1 1 2 0 1 1 0 0 0 5 1 7 0 0 0 13 2 4 1 12 0 1 6 1 3 0 1 11 3 0 2 14 5 16 49 79 161 98 262 21 171 9 29 30 15 5 41 15 6 7 35 7 32 656 31 1 72 16 6 999 31 22 7 19
0 6 2 10 1 0 3 0 0 0 0 0 1 1 1 0 1 15 0 1 5 1 0 2 0 0 7 2 9 0 2 2 0 2 12 2 1 0 1 2 0 4 5 30 1 0 15 10 4 0 2 2 3 1 11 2 0 9 1 3 3 1 2 40 6 23 121 46 26 20 18 20 15 55 144 37 3 15 10 6 7 4 18 9 53 236 71 6 56 44 12 332 30 6 4 4
3 6 0 0 2 0 0 1 3 19 23 3 0 1 3 2 1 0 1 2 0 0 0 1 0 1 1 3 0 0 3 3 0 0 1 0 1 8 2 2 1 6 11 4 2 0 4 8 33 9 18 67 8 3 0 13 6 3 4 0 0 1 31 27 30 0 4 16 22 21 19 6 3 15 129 128 10 24 8 47 43 23 22 16 513 97 13 21 461 17 5 29 3 23 96 92
1 0 0 0 0 0 0 2 20 5 1 0 0 0 1 0 3 0 0 0 2 1 3 2 0 0 0 0 0 8 2 1 7 0 1 2 0 14 0 2 17 2 6 1 4 4 11 27 1 6 16 1 1 1 0 1 3 9 17 1 0 6 5 4 7 14 1 28 9 8 14 2 27 25 22 16 4 9 6 40 26 25 12 23 15 6 66 4 98 46 6 61 5 107 16 28
0 0 0 2 1 5 0 0 2 0 0 1 0 0 0 1 2 0 0 2 1 2 1 2 4 0 4 0 0 2 5 88 20 8 0 3 15 5 4 39 10 1 12 0 1 2 9 9 2 1 3 4 0 0 0 7 0 19 4 19 17 5 11 5 0 3 4 2 6 0 9 0 2 40 40 97 39 20 5 3 63 23 64 1 196 241 351 16 118 5 11 431 27 16 15 14
0 0 2 1 0 2 0 1 0 0 2 0 1 1 6 0 0 0 1 0 0 0 0 6 27 11 5 1 3 27 32 74 1 2 4 14 0 0 0 1 1 1 13 2 2 1 1 13 43 0 1 19 5 0 1 0 1 0 10 7 34 7 8 1 3 15 15 0 1 4 18 12 13 62 44 15 23 2 16 25 8 6 8 31 14 12 34 36 50 175 5 720 117 289 43 929
0 3 1 0 2 14 2 2 1 0 1 0 1 0 0 0 2 2 0 2 1 0 1 0 2 3 3 1 14 0 4 28 14 4 22 9 2 0 5 6 0 1 2 6 1 11 22 1 26 8 6 3 1 0 1 0 1 1 3 27 5 30 4 2 5 0 5 7 9 7 6 21 112 163 28 65 20 15 24 27 30 1 14 55 103 57 221 37 21 18 21 197 7 22 14 167
0 1 0 0 0 4 0 16 9 14 33 7 12 4 0 1 7 29 33 4 0 20 0 0 0 0 0 9 1 3 2 0 28 29 11 34 4 4 1 3 10 9 9 12 18 2 9 8 1 0 12 9 4 27 4 5 0 3 3 2 7 2 22 8 23 5 2 3 8 13 5 12 24 77 62 43 115 17 18 49 46 36 21 50 53 16 29 81 12 14 1070 16 43 4 69 77
1 0 0 0 1 1 0 5 0 26 22 5 19 0 0 1 0 5 3 1 15 3 6 1 7 0 0 2 2 0 0 7 135 95 0 2 4 4 0 4 1 0 13 2 9 24 1 5 3 2 2 2 4 1 19 8 1 4 11 5 2 4 8 13 58 7 8 6 13 7 63 94 219 256 49 116 21 26 21 10 23 11 10 28 25 295 30 34 59 360 48 52 8 902 29 10
11 0 2 2 2 1 0 0 0 5 6 2 0 0 0 0 5 4 7 3 4 2 0 8 5 3 2 2 0 16 12 21 22 17 12 5 0 0 8 1 1 46 6 5 1 4 12 2 0 57 13 6 7 3 1 27 21 16 22 7 3 5 3 4 19 27 21 3 4 15 11 25 3 95 22 17 50 5 15 6 13 7 17 49 63 233 70 62 13 20 100 12 143 14 139 29
0 1 6 1 0 1 2 3 1 0 0 3 0 1 0 3 10 95 15 3 0 2 2 2 3 3 43 68 3 76 9 3 14 0 4 1 16 0 1 2 0 1 13 64 3 0 3 11 5 3 13 1 11 38 11 11 131 9 26 21 6 6 8 8 33 7 31 46 13 21 38 10 94 68 57 22 30 23 19 9 28 30 37 77 52 89 107 98 43 30 18 146 19 104 264 20
0 1 1 2 1 0 1 4 0 0 0 0 2 1 0 4 0 60 6 0 0 3 2 0 5 5 31 10 8 5 3 0 1 8 0 6 4 0 9 0 1 2 2 19 2 1 7 7 0 4 7 2 36 47 11 51 27 6 6 30 10 5 5 8 4 8 24 14 39 28 11 45 104 21 71 34 29 57 44 33 111 140 100 33 272 55 81 311 28 24 48 42 332 114 32 475
26 15 11 1 1 0 2 1 0 2 4 0 8 1 0 1 9 0 0 0 4 0 0 6 2 5 14 48 40 33 1 1 1 11 0 23 3 21 4 4 11 6 7 1 2 4 18 3 3 3 26 39 7 10 33 16 4 7 7 98 19 23 7 22 9 28 65 88 46 131 24 5 41 27 72 27 40 103 24 103 168 51 202 64 36 252 49 20 79 207 19 406 17 89 35 37
8 0 23 0 4 7 4 0 0 0 0 0 0 0 2 11 0 10 1 0 2 1 1 4 9 4 11 8 12 7 9 1 5 19 2 0 4 13 57 25 1 66 10 1 1 1 7 5 1 11 11 43 15 64 147 35 6 11 49 7 45 36 108 24 15 22 88 25 70 49 91 33 20 28 56 209 154 56 37 102 125 173 86 167 67 443 156 165 53 71 55 606 55 860 40 1032
5 1 1 7 1 1 0 0 1 0 0 14 6 0 0 0 2 0 0 0 9 27 0 0 90 15 4 19 20 3 12 23 3 13 10 18 0 10 153 11 9 29 78 18 7 5 4 9 2 16 52 48 18 24 15 7 9 19 7 21 20 28 61 12 15 9 11 20 68 29 15 55 45 86 25 67 88 92 81 190 148 55 142 31 89 90 92 57 148 1498 97 1598 82 930 63 4
2 2 5 0 0 2 0 2 24 0 1 7 5 0 1 3 0 1 3 1 2 4 14 3 4 8 15 6 1 2 1 2 7 2 48 34 12 61 38 16 128 31 95 20 29 1 1 21 52 25 30 33 9 4 13 5 12 6 18 17 1 0 19 8 3 12 264 5 32 37 10 30 16 41 106 79 356 105 42 27 9 4 97 440 87 123 445 265 232 50 217 2 0 2 1 1
1 1 4 21 0 8 9 0 38 0 2 9 8 0 1 1 1 1 2 2 2 16 0 3 0 3 19 117 3 4 4 9 2 2 38 18 46 34 33 18 4 4 3 13 36 19 9 9 45 29 88 16 261 34 20 21 9 34 35 32 19 8 2 11 23 18 19 41 113 17 18 26 25 72 47 162 212 27 133 29 22 154 37 118 95 113 130 168 2 0 0 0 1 0 1 0
0 3 0 11 4 2 11 5 10 0 1 1 10 11 16 1 7 5 3 1 2 3 0 3 5 3 21 2 2 9 19 53 37 36 12 15 53 70 28 9 74 51 87 64 12 21 30 21 49 61 16 6 45 39 71 8 15 163 25 233 21 9 16 33 67 26 132 14 26 144 10 54 14 132 225 74 94 56 64 37 30 179 119 31 62 15 60 0 0 1 0 0 0 1 1 0
3 17 16 12 18 3 2 3 7 10 8 2 5 52 7 0 0 0 7 1 1 2 22 12 5 2 15 8 0 2 3 13 1 26 4 8 9 3 16 9 29 20 44 43 142 77 40 13 2 35 191 31 15 77 145 13 16 18 13 3 11 42 20 46 88 107 65 60 20 245 11 16 280 13 403 555 66 113 99 51 30 14 103 15 2 2 1 0 2 1 0 1 5 3 9 4
13 7 71 163 53 21 1 2 30 32 37 21 11 15 0 5 1 4 5 1 2 1 2 4 84 18 2 0 2 2 15 4 8 8 3 2 79 2 1 20 7 5 83 50 123 175 8 5 17 19 6 50 23 21 98 31 13 70 14 7 42 56 20 196 16 27 19 60 28 150 220 41 1522 622 76 103 172 129 87 200 45 4 3 8 12 16 1 1 0 1 1 4 10 81 79 49
4 5 6 20 6 10 4 0 0 12 1 3 6 0 0 0 0 1 0 1 5 5 15 7 9 3 0 1 1 6 5 1 21 1 0 1 4 10 4 14 4 10 19 40 8 11 32 14 11 12 40 79 16 45 56 87 36 40 40 27 52 87 45 43 15 67 58 25 113 24 288 666 933 899 597 1753 73 118 46 2 1 12 14 18 18 160 24 12 147 53 80 48 81 319 217 36
12 2 1 3 8 21 11 3 0 0 9 5 8 1 1 1 0 0 1 1 4 7 3 4 5 0 1 0 2 17 60 11 3 17 4 2 0 47 12 2 8 17 4 15 9 13 7 4 25 44 15 7 25 10 55 17 26 37 68 17 28 30 50 22 32 16 46 73 139 21 19 416 3837 917 2575 6442 370 1156 5 70 34 125 305 86 85 248 40 35 29 99 19 108 39 21 114 30
2 0 4 3 29 6 2 2 1 3 0 3 5 8 2 4 3 0 6 2 2 4 5 6 3 5 2 4 19 15 30 30 17 3 1 13 6 78 8 6 6 6 1 6 0 1 30 11 19 17 10 4 33 28 23 29 35 29 60 73 291 41 78 123 43 55 48 198 42 39 14 58 89 1027 211 398 1248 61 9 69 29 38 101 72 28 56 58 42 15 61 17 112 27 44 50 24
1 0 0 18 0 0 3 1 1 4 2 1 1 4 3 0 4 1 3 1 1 19 1 21 14 77 8 0 7 6 4 6 19 63 22 7 6 6 9 24 7 73 12 7 5 7 9 6 18 11 10 15 10 57 30 234 65 79 134 226 187 217 272 18 34 72 122 105 47 253 177 166 535 8855 3771 558 310 113 96 38 63 52 23 68 57 81 254 16 29 358 32 13 17 10 16 14
4 4 0 1 6 5 3 0 1 0 0 1 1 0 2 0 0 0 0 1 1 15 0 6 6 3 13 5 7 2 10 16 14 9 8 24 6 6 14 10 25 19 13 8 6 20 94 18 38 10 74 33 32 4 75 137 26 138 18 579 169 117 70 64 50 986 100 22 305 22 112 156 668 5330 219 112 429 131 1063 50 49 54 95 44 36 413 29 15 100 51 42 16 149 49 40 34
3 0 1 1 15 0 2 0 3 0 0 0 0 1 2 5 0 0 4 70 22 3 3 0 1 4 5 5 12 8 12 8 11 18 0 14 7 2 5 15 14 13 35 298 38 20 6 5 26 11 32 157 43 5 14 239 131 22 80 399 705 175 181 248 94 141 166 28 17 58 232 524 1230 676 514 263 594 89 40 27 107 43 145 154 311 226 100 48 60 52 13 23 29 2 16 0
0 1 4 0 0 0 1 1 0 0 0 1 5 0 2 1 2 1 6 29 1 2 3 5 2 3 1 4 50 7 10 5 9 59 7 8 11 10 9 19 31 23 25 180 18 3 5 6 26 20 136 91 23 14 58 35 308 216 399 459 559 233 342 614 272 114 347 66 49 66 57 96 998 1350 62 130 71 20 70 43 171 69 64 130 1166 955 56 15 9 4 10 1 19 112 38 250
4 3 3 0 0 1 1 0 0 0 1 1 0 10 6 15 0 0 8 3 5 6 6 6 97 49 4 8 10 4 6 1 7 11 17 44 59 11 43 430 33 21 17 126 6 59 14 9 44 31 32 24 111 162 29 14 88 138 1555 843 1651 703 104 59 61 99 29 18 154 204 287 216 97 245 440 94 603 14 17 24 16 163 33 31 94 32 29 7 26 76 32 98 16 1 0 0
4 28 2 0 2 2 1 14 2 5 2 0 0 1 4 5 1 0 4 2 15 2 1 8 20 11 16 23 2 4 2 1 16 14 10 44 104 21 9 262 58 2 1 45 29 77 30 2 7 18 78 104 24 8 34 27 238 785 879 3034 283 309 54 50 56 78 120 64 322 548 243 58 115 46 628 363 62 31 75 14 16 8 49 227 47 9 5 0 0 0 0 -9999 -9999 -9999 -9999 -9999
6 21 16 1 3 11 2 3 0 2 2 6 10 10 3 2 3 0 30 24 10 27 5 9 32 29 0 6 8 5 10 1 1 15 18 25 64 27 45 54 7 8 24 4 43 41 73 27 23 11 8 7 43 3 24 25 358 632 358 421 406 233 203 77 111 216 165 208 283 271 17 4 2 3 24 77 2 2 0 0 0 0 3 0 -9999 -9999 -9999 -9999 -9999 -9999 -9999 -9999 -9999 -9999 -9999 -9999
0 1 1 3 8 6 0 2 4 2 1 18 9 3 1 2 2 3 21 7 3 12 11 0 3 1 0 110 1 42 6 11 3 6 20 20 11 1 9 25 0 1 31 47 20 47 41 26 39 18 5 44 10 69 30 62 106 10 351 204 125 895 1555 40 10 208 379 361 10 0 6 4 4 0 -9999 -9999 -9999 -9999 -9999 -9999 -9999 -9999 -9999 -9999 -9999 -9999 -9999 -9999 -9999 -9999 -9999 -9999 -9999 -9999 -9999 -9999
5 8 3 3 13 8 10 0 12 24 26 4 2 0 2 0 14 5 0 1 7 5 2 1 7 6 24 7 17 5 6 2 7 22 8 7 5 32 8 17 13 12 78 56 20 3 104 13 14 60 39 5 27 11 79 382 66 44 100 292 90 466 1065 230 112 220 164 165 42 51 28 6 321 1 -9999 -9999 -9999 -9999 -9999 -9999 -9999 -9999 -9999 -9999 -9999 -9999 -9999 -9999 -9999 -9999 -9999 -9999 -9999 -9999 -9999 -9999
